1689834658483 0.5029069781303406 0
1689834658534 0.5777616500854492 1
1689834658540 0.65625 2
1689834658545 0.6606104373931885 3
1689834658553 0.7361918687820435 4
1689834658558 0.7238371968269348 5
1689834658563 0.7652616500854492 6
1689834658570 0.7587209343910217 7
1689834658576 0.805232584476471 8
1689834658583 0.8132267594337463 9
1689834658588 0.8284883499145508 10
1689834658593 0.8466569781303406 11
1689834658600 0.8633720874786377 12
1689834658605 0.8699128031730652 13
1689834658610 0.836482584476471 14
1689834658616 0.8459302186965942 15
1689834658622 0.8691860437393188 16
1689834658632 0.90625 17
1689834658638 0.9164243936538696 18
1689834658644 0.898982584476471 19
