1689834658530 0.6931307315826416 0
1689834658538 0.67746901512146 1
1689834658543 0.6344631314277649 2
1689834658549 0.613723874092102 3
1689834658555 0.54645174741745 4
1689834658561 0.5507499575614929 5
1689834658567 0.4991786777973175 6
1689834658573 0.507207453250885 7
1689834658578 0.441583514213562 8
1689834658586 0.43098241090774536 9
1689834658591 0.39993005990982056 10
1689834658596 0.3720232844352722 11
1689834658602 0.35417041182518005 12
1689834658607 0.3328273594379425 13
1689834658613 0.3829472064971924 14
1689834658619 0.3591104745864868 15
1689834658626 0.31622305512428284 16
1689834658635 0.25922250747680664 17
1689834658641 0.23900586366653442 18
1689834658646 0.254220575094223 19
