1689834658650 0.6031976938247681 0
1689834658656 0.739098846912384 1
1689834658663 0.7725290656089783 2
1689834658669 0.7892441749572754 3
1689834658674 0.8284883499145508 4
1689834658680 0.8575581312179565 5
1689834658686 0.8597383499145508 6
1689834658691 0.8459302186965942 7
1689834658697 0.8655523061752319 8
1689834658703 0.9098837375640869 9
1689834658708 0.9454941749572754 10
1689834658713 0.9454941749572754 11
1689834658719 0.9244186282157898 12
1689834658725 0.9694767594337463 13
1689834658730 0.9745639562606812 14
