1689834658653 1.0085221529006958 0
1689834658660 0.5352170467376709 1
1689834658667 0.48074448108673096 2
1689834658672 0.4469447135925293 3
1689834658677 0.37105706334114075 4
1689834658683 0.33087024092674255 5
1689834658689 0.31088241934776306 6
1689834658694 0.324074387550354 7
1689834658700 0.298052579164505 8
1689834658705 0.22468440234661102 9
1689834658711 0.16477395594120026 10
1689834658717 0.15118709206581116 11
1689834658722 0.20210270583629608 12
1689834658727 0.11054623126983643 13
1689834658734 0.08793234825134277 14
