1689811782016 0.6679114699363708 0
1689811782025 0.60982745885849 1
1689811782032 0.5168128609657288 2
1689811782038 0.4814576506614685 3
1689811782045 0.4531592130661011 4
1689811782051 0.4143689274787903 5
1689811782056 0.3678315281867981 6
1689811782064 0.35949718952178955 7
1689811782069 0.3324846029281616 8
1689811782075 0.31245356798171997 9
1689811782081 0.2781411111354828 10
1689811782087 0.23135147988796234 11
1689811782094 0.20072360336780548 12
1689811782101 0.2132849395275116 13
1689811782106 0.20132151246070862 14
1689811782113 0.1444563865661621 15
1689811782118 0.10660538822412491 16
1689811782125 0.1327057033777237 17
1689811782130 0.09752711653709412 18
1689811782136 0.11359571665525436 19
