1689811781948 0.6028342843055725 0
1689811782020 0.6722383499145508 1
1689811782029 0.7521802186965942 2
1689811782034 0.7743459343910217 3
1689811782041 0.7910610437393188 4
1689811782047 0.8125 5
1689811782053 0.8386628031730652 6
1689811782061 0.8448401093482971 7
1689811782066 0.8575581312179565 8
1689811782072 0.8768168687820435 9
1689811782078 0.8924418687820435 10
1689811782085 0.9138808250427246 11
1689811782090 0.9313226938247681 12
1689811782096 0.9186046719551086 13
1689811782103 0.9236918687820435 14
1689811782110 0.9473110437393188 15
1689811782115 0.964026153087616 16
1689811782121 0.9498546719551086 17
1689811782127 0.9672965407371521 18
1689811782133 0.9571220874786377 19
