1689811782140 0.6729651093482971 0
1689811782147 0.7725290656089783 1
1689811782152 0.7914243936538696 2
1689811782192 0.8070493936538696 3
1689811782198 0.854651153087616 4
1689811782204 0.867732584476471 5
1689811782211 0.8800871968269348 6
1689811782217 0.9033430218696594 7
1689811782222 0.9047965407371521 8
1689811782228 0.9276889562606812 9
1689811782234 0.9425871968269348 10
1689811782239 0.9542151093482971 11
1689811782246 0.961482584476471 12
1689811782251 0.9698401093482971 13
1689811782257 0.9276889562606812 14
