1689811782144 0.6969215273857117 0
1689811782149 0.4805600345134735 1
1689811782155 0.44721683859825134 2
1689811782195 0.4129910171031952 3
1689811782201 0.3354513645172119 4
1689811782208 0.3064725995063782 5
1689811782214 0.28700727224349976 6
1689811782219 0.22635196149349213 7
1689811782226 0.22687461972236633 8
1689811782231 0.17913445830345154 9
1689811782236 0.15255504846572876 10
1689811782243 0.12091343104839325 11
1689811782248 0.10272829979658127 12
1689811782254 0.08752545714378357 13
1689811782260 0.17135076224803925 14
