1689732484329 0.5657703280448914 0
1689732484424 0.6547965407371521 1
1689732484431 0.727107584476471 2
1689732484438 0.7601743936538696 3
1689732484445 0.8066860437393188 4
1689732484452 0.8099563717842102 5
1689732484459 0.8426598906517029 6
1689732484464 0.8212209343910217 7
1689732484472 0.8760901093482971 8
1689732484477 0.9102470874786377 9
1689732484482 0.8975290656089783 10
1689732484489 0.9600290656089783 11
1689732484494 0.9618459343910217 12
1689732484499 0.9763808250427246 13
1689732484506 0.9778342843055725 14
