1689732484420 0.6800394654273987 0
1689732484427 0.6511386632919312 1
1689732484434 0.5536026358604431 2
1689732484441 0.5090617537498474 3
1689732484448 0.44092226028442383 4
1689732484455 0.42869675159454346 5
1689732484462 0.3696953356266022 6
1689732484468 0.39489710330963135 7
1689732484474 0.30449292063713074 8
1689732484480 0.23821590840816498 9
1689732484486 0.2501242458820343 10
1689732484492 0.1365884244441986 11
1689732484497 0.1176571324467659 12
1689732484503 0.08401503413915634 13
1689732484508 0.07519426941871643 14
