1689732484514 0.6061753034591675 0
1689732484521 0.512357234954834 1
1689732484526 0.44677016139030457 2
1689732484531 0.3810800611972809 3
1689732484539 0.35519737005233765 4
1689732484544 0.3110903799533844 5
1689732484549 0.27918893098831177 6
1689732484555 0.2737525701522827 7
1689732484560 0.219145730137825 8
1689732484565 0.1737527847290039 9
1689732484573 0.19353145360946655 10
1689732484578 0.15894079208374023 11
1689732484583 0.09544729441404343 12
1689732484590 0.09234962612390518 13
1689732484595 0.10505910217761993 14
