1689732484511 0.7034883499145508 0
1689732484518 0.7532703280448914 1
1689732484524 0.7925145626068115 2
1689732484529 0.823401153087616 3
1689732484535 0.8448401093482971 4
1689732484541 0.8611918687820435 5
1689732484546 0.883357584476471 6
1689732484552 0.8880813717842102 7
1689732484558 0.9138808250427246 8
1689732484563 0.930232584476471 9
1689732484569 0.9215116500854492 10
1689732484575 0.9349563717842102 11
1689732484580 0.9611191749572754 12
1689732484587 0.9632993936538696 13
1689732484593 0.9582121968269348 14
